13
29
37
66
89
113
129
138
152
159
165
172
174
176
181
197
212
221
234
244
273
322
340
354
379
400
424
455
475
477
520
524
525
534
546
551
583
590
659
665
714
755
757
785
815
824
840
976
1009
1014
1050
1051
1093
1099
1134
1153
1177
1180
1202
1209
1216
1236
1244
1258
1290
1300
1319
1326
1340
1346
1368
1389
1391
1418
1435
1472
1485
1495
1504
1513
1528
1587
1593
1610
1619
1680
1688
1709
1737
1798
1801
1816
1829
1871
1873
1876
1882
1891
1962
1976
2008
2034
2045
2066
2073
2108
2139
2146
2167
2201
2235
2243
2325
2345
2351
2363
2402
2428
2444
2459
2475
2484
2493
2526
2528
2547
2555
2564
2598
2604
2621
2625
2627
2651
2655
2673
2706
2707
2712
2728
2753
2771
2773
2774
2781
2785
2841
2879
2898
2904
2907
2914
2922
2940
2943
2949
2953
2961
2999
3031
3042
3054
3056
3090
3099
3114
3122
3155
3175
3196
3204
3205
3241
3268
3301
3313
3327
3336
3337
3360
3365
3410
3415
3473
3511
3530
3546
3579
3592
3675
3690
3712
3722
3729
3743
3797
3805
3813
3818
3821
3840
3865
3901
3930
3941
3945
3947
3971
3992
3996
4003
4011
4027
4047
4056
4068
4070
4131
4166
4177
4203
4240
4254
4267
4300
4326
4327
4329
4335
4354
4369
4371
4392
4394
4397
4419
4433
4441
4457
4474
4481
4502
4549
4569
4572
4577
4583
4595
4599
4606
4616
4630
4635
4642
4655
4664
4671
4682
4686
4705
4721
4743
4768
4782
4805
4823
4832
4854
4861 - Smash Fusion Kitchen &amp; Bar (DD Eatzakaya)
4870
4887
4917
4928
4971
4983
5008
5018
5038
5045
5054
5056
5064
5065
5078
5085
5096
5105
5188
5199
5201
5202
5214
5218
5227
5235
5250
5263
5272
5278
5283
5284
5298
5305
5311
5319
5345
5355
5358
5362
5366
5374
5380
5384
5388
5403
5418
5420
5449
5458
5461
5463
5498
5502
5527
5534
5535
5536
5543
5553
5554
5558
5563
5571
5574
5587
5592
5593
5595
5611
5623
5628
5631
5632
5666
5671
5681
5717
5730
5738
5740
5747
5750
5768
5781
5794
5797
5810
5835
5855
5864
5885
5899
5900
5901
5902
5917
5922
5924
5925
5926
5929
5933
5939
5944
5946
5957
5960
5967
5972
5989
5994
5997
5999
6004
6005
6009
6012
6021
6022
6025
6030
6035
6040
6052
6053
6056
6057
6069
6073
6075
6078
6080
6081
6083
6084
6089
6095
6096
6100
6112
6114
6121
6128
6143
6144
6146
6153
6163
6164
6167
6172
6185
6200
6201
6226
6227
6255
6274
6281
6285
6306
6309
6314
6333
6344
6346
6354
6367
6383
6388
6397
6412
6414
6417
6457
6463
6486
6502
6521
6531
6553
6554
6557
6561
6568
6583
6589
6596
6597
6603
6606
6610
6622
6644
6648
6649
6652
6659
6661
6662
6666
6668
6694
6698
6706
6728
6735
6748
6758
6764
6772
6774
6780
6792
6794
6800
6801
6810
6824
6825
6851
6857
6864
6874
6885
6900
6905
6922
6925
6929
6933
6947
6960
6963
6964
6972
6984
6992
6997
7000
7006
7010
7031
7052
7071
7073
7081
7101
7107
7116
7126
7139
7140
7142
7146
7151
7160
7162
7186
7197
7198
7199
7203
7206
7210
7220
7234
7241
7247
7252
7253
7258
7268
7270
7272
7275
7277
7285
7286
7290
7294
7297
7304
7313
7316
7329
7330
7357
7358
7361
7369
7377
7392
7395
7397
7399
7410
7413
7416
7424
7427
7430
7432
7437
7439
7442
7444
7448
7449
7459
7468
7469
7475
7480
7485
7489
7495
7496
7500
7501
7502
7503
7504
7505
7506
7511
7517
7528
7530
7532
7537
7541
7543
7544
7545
7552
7554
7560
7566
7567
7571
7587
7588
7598
7611
7614
7616
7617
7625
7627
7633
7640
7645
7653
7655
7659
7662
7670
7671
7675
7676
7678
7680
7686
7693
7694
7698
7702
7710
7712
7713
7714
7717
7737
7744
7753
7771
7787
7790
7797
7798
7799
7807
7808
7811
7812
7820
7821
7825
7834
7847
7850
7851
7854
